   0.0000000000000000        0.0000000000000000        0.0000000000000000     
   9.9009900990099015E-002   0.0000000000000000        0.0000000000000000     
   9.9009900990099015E-002  -69.622876490063419        0.0000000000000000     
  0.19801980198019803       -69.622876490063419        0.0000000000000000     
  0.19801980198019803        183.34473612903651        0.0000000000000000     
  0.29702970297029707        183.34473612903651        0.0000000000000000     
  0.29702970297029707       -102.46983672978958        0.0000000000000000     
  0.39603960396039606       -102.46983672978958        0.0000000000000000     
  0.39603960396039606       -674.75041017700823        0.0000000000000000     
  0.49504950495049505       -674.75041017700823        0.0000000000000000     
  0.49504950495049505        2116.4626546613372        0.0000000000000000     
  0.59405940594059414        2116.4626546613372        0.0000000000000000     
  0.59405940594059414       -1610.1081624895733        0.0000000000000000     
  0.69306930693069313       -1610.1081624895733        0.0000000000000000     
  0.69306930693069313       -5418.9807904604877        0.0000000000000000     
  0.79207920792079212       -5418.9807904604877        0.0000000000000000     
  0.79207920792079212        15603.027271658455        0.0000000000000000     
  0.89108910891089110        15603.027271658455        0.0000000000000000     
  0.89108910891089110       -6092.2931726863399        0.0000000000000000     
  0.99009900990099009       -6092.2931726863399        0.0000000000000000     
  0.99009900990099009       -41861.994708101047        0.0000000000000000     
   1.0891089108910892       -41861.994708101047        0.0000000000000000     
   1.0891089108910892        73489.281804473314        0.0000000000000000     
   1.1881188118811883        73489.281804473314        0.0000000000000000     
   1.1881188118811883        32073.774053359484        0.0000000000000000     
   1.2871287128712872        32073.774053359484        0.0000000000000000     
   1.2871287128712872       -231591.86381169775        0.0000000000000000     
   1.3861386138613863       -231591.86381169775        0.0000000000000000     
   1.3861386138613863        143395.45406218065        0.0000000000000000     
   1.4851485148514851        143395.45406218065        0.0000000000000000     
   1.4851485148514851        427442.24591946916        0.0000000000000000     
   1.5841584158415842        427442.24591946916        0.0000000000000000     
   1.5841584158415842       -657677.17218148801        0.0000000000000000     
   1.6831683168316833       -657677.17218148801        0.0000000000000000     
   1.6831683168316833       -453245.50466670876        0.0000000000000000     
   1.7821782178217822       -453245.50466670876        0.0000000000000000     
   1.7821782178217822        1611873.4741387176        0.0000000000000000     
   1.8811881188118813        1611873.4741387176        0.0000000000000000     
   1.8811881188118813       -12002.322172954562        0.0000000000000000     
   1.9801980198019802       -12002.322172954562        0.0000000000000000     
   1.9801980198019802       -2933249.5220899391        0.0000000000000000     
   2.0792079207920793       -2933249.5220899391        0.0000000000000000     
   2.0792079207920793        1237089.5493893810        0.0000000000000000     
   2.1782178217821784        1237089.5493893810        0.0000000000000000     
   2.1782178217821784        4398159.6388876131        0.0000000000000000     
   2.2772277227722775        4398159.6388876131        0.0000000000000000     
   2.2772277227722775       -3248871.4414775306        0.0000000000000000     
   2.3762376237623766       -3248871.4414775306        0.0000000000000000     
   2.3762376237623766       -5784898.5988130309        0.0000000000000000     
   2.4752475247524752       -5784898.5988130309        0.0000000000000000     
   2.4752475247524752        5742369.9587393478        0.0000000000000000     
   2.5742574257425743        5742369.9587393478        0.0000000000000000     
   2.5742574257425743        7031447.2756783515        0.0000000000000000     
   2.6732673267326734        7031447.2756783515        0.0000000000000000     
   2.6732673267326734       -8133019.8757170020        0.0000000000000000     
   2.7722772277227725       -8133019.8757170020        0.0000000000000000     
   2.7722772277227725       -8248895.4054131713        0.0000000000000000     
   2.8712871287128716       -8248895.4054131713        0.0000000000000000     
   2.8712871287128716        9708978.9683039580        0.0000000000000000     
   2.9702970297029703        9708978.9683039580        0.0000000000000000     
   2.9702970297029703        9547755.9302257486        0.0000000000000000     
   3.0693069306930694        9547755.9302257486        0.0000000000000000     
   3.0693069306930694       -9836334.9080001190        0.0000000000000000     
   3.1683168316831685       -9836334.9080001190        0.0000000000000000     
   3.1683168316831685       -10790375.671836760        0.0000000000000000     
   3.2673267326732676       -10790375.671836760        0.0000000000000000     
   3.2673267326732676        8203624.0927978270        0.0000000000000000     
   3.3663366336633667        8203624.0927978270        0.0000000000000000     
   3.3663366336633667        11481839.840541096        0.0000000000000000     
   3.4653465346534653        11481839.840541096        0.0000000000000000     
   3.4653465346534653       -5061149.9051691592        0.0000000000000000     
   3.5643564356435644       -5061149.9051691592        0.0000000000000000     
   3.5643564356435644       -10970555.238139462        0.0000000000000000     
   3.6633663366336635       -10970555.238139462        0.0000000000000000     
   3.6633663366336635        1300695.2381145065        0.0000000000000000     
   3.7623762376237626        1300695.2381145065        0.0000000000000000     
   3.7623762376237626        8917580.1780951507        0.0000000000000000     
   3.8613861386138617        8917580.1780951507        0.0000000000000000     
   3.8613861386138617        1820475.5478240838        0.0000000000000000     
   3.9603960396039604        1820475.5478240838        0.0000000000000000     
   3.9603960396039604       -5710215.1455720598        0.0000000000000000     
   4.0594059405940595       -5710215.1455720598        0.0000000000000000     
   4.0594059405940595       -3306045.0638529100        0.0000000000000000     
   4.1584158415841586       -3306045.0638529100        0.0000000000000000     
   4.1584158415841586        2404107.1854119981        1.5447456482872414E-319
   4.2574257425742577        2404107.1854119981        1.5447456482872414E-319
   4.2574257425742577        3019237.4157850416        2.8314732136882678E-303
   4.3564356435643568        3019237.4157850416        2.8314732136882678E-303
   4.3564356435643568       -102090.28351091128        1.9473095393021837E-287
   4.4554455445544559       -102090.28351091128        1.9473095393021837E-287
   4.4554455445544559       -1729923.9987123953        5.0248182797931902E-272
   4.5544554455445549       -1729923.9987123953        5.0248182797931902E-272
   4.5544554455445549       -767397.25404405245        4.8648400348186336E-257
   4.6534653465346540       -767397.25404405245        4.8648400348186336E-257
   4.6534653465346540        492619.64667232399        1.7671751815490066E-242
   4.7524752475247531        492619.64667232399        1.7671751815490066E-242
   4.7524752475247531        621124.43814086169        2.4085378628570617E-228
   4.8514851485148514        621124.43814086169        2.4085378628570617E-228
   4.8514851485148514        107265.58147145362        1.2316581567812182E-214
   4.9504950495049505        107265.58147145362        1.2316581567812182E-214
   4.9504950495049505       -208641.59823068383        2.3631415262760715E-201
   5.0495049504950495       -208641.59823068383        2.3631415262760715E-201
   5.0495049504950495       -162589.58662991007        1.7011872203049024E-188
   5.1485148514851486       -162589.58662991007        1.7011872203049024E-188
   5.1485148514851486       -14749.162084019023        4.5949133535915080E-176
   5.2475247524752477       -14749.162084019023        4.5949133535915080E-176
   5.2475247524752477        50452.396711089263        4.6565618542129747E-164
   5.3465346534653468        50452.396711089263        4.6565618542129747E-164
   5.3465346534653468        36326.817382386820        1.7705828820093686E-152
   5.4455445544554459        36326.817382386820        1.7705828820093686E-152
   5.4455445544554459        6705.1592680075501        2.5259804282305999E-141
   5.5445544554455450        6705.1592680075501        2.5259804282305999E-141
   5.5445544554455450       -6718.4742139174932        1.3520929129977618E-130
   5.6435643564356441       -6718.4742139174932        1.3520929129977618E-130
   5.6435643564356441       -6388.5138426262210        2.7154757374019098E-120
   5.7425742574257432       -6388.5138426262210        2.7154757374019098E-120
   5.7425742574257432       -2541.9372571411877        2.0462003385142383E-110
   5.8415841584158414       -2541.9372571411877        2.0462003385142383E-110
   5.8415841584158414       -164.40951804954688        5.7851312003108705E-101
   5.9405940594059405       -164.40951804954688        5.7851312003108705E-101
   5.9405940594059405        476.46313895678651        6.1367878282998320E-092
   6.0396039603960396        476.46313895678651        6.1367878282998320E-092
   6.0396039603960396        379.13570759877115        2.4424846279409990E-083
   6.1386138613861387        379.13570759877115        2.4424846279409990E-083
   6.1386138613861387        182.80148457174158        3.6474168911452577E-075
   6.2376237623762378        182.80148457174158        3.6474168911452577E-075
   6.2376237623762378        66.455048353709856        2.0436278192641684E-067
   6.3366336633663369        66.455048353709856        2.0436278192641684E-067
   6.3366336633663369        19.451963842838772        4.2961658841675952E-060
   6.4356435643564360        19.451963842838772        4.2961658841675952E-060
   6.4356435643564360        4.7135165281350542        3.3886218998677211E-053
   6.5346534653465351        4.7135165281350542        3.3886218998677211E-053
   6.5346534653465351       0.95751230908306328        1.0028316210417371E-046
   6.6336633663366342       0.95751230908306328        1.0028316210417371E-046
   6.6336633663366342       0.16380952844128172        1.1135142032882245E-040
   6.7326732673267333       0.16380952844128172        1.1135142032882245E-040
   6.7326732673267333        2.3582283359590034E-002   4.6390209896691510E-035
   6.8316831683168324        2.3582283359590034E-002   4.6390209896691510E-035
   6.8316831683168324        2.8421815720286181E-003   7.2513647183378507E-030
   6.9306930693069306        2.8421815720286181E-003   7.2513647183378507E-030
   6.9306930693069306        2.8409663624458123E-004   4.2528101515086080E-025
   7.0297029702970297        2.8409663624458123E-004   4.2528101515086080E-025
   7.0297029702970297        2.3221496457137156E-005   9.3582593706897767E-021
   7.1287128712871288        2.3221496457137156E-005   9.3582593706897767E-021
   7.1287128712871288        1.5212178115817518E-006   7.7263965614160618E-017
   7.2277227722772279        1.5212178115817518E-006   7.7263965614160618E-017
   7.2277227722772279        7.7642963205419837E-008   2.3934356023216889E-013
   7.3267326732673270        7.7642963205419837E-008   2.3934356023216889E-013
   7.3267326732673270        2.9663156134239518E-009   2.7818219785628844E-010
   7.4257425742574261        2.9663156134239518E-009   2.7818219785628844E-010
   7.4257425742574261        8.0035940323060983E-011   1.2131088090158339E-007
   7.5247524752475252        8.0035940323060983E-011   1.2131088090158339E-007
   7.5247524752475252        1.3989992248990256E-012   1.9848743239646318E-005
   7.6237623762376243        1.3989992248990256E-012   1.9848743239646318E-005
   7.6237623762376243        1.3958664082736745E-014   1.2185100242855778E-003
   7.7227722772277234        1.3958664082736745E-014   1.2185100242855778E-003
   7.7227722772277234        6.8021786620540693E-017   2.8066485533787915E-002
   7.8217821782178225        6.8021786620540693E-017   2.8066485533787915E-002
   7.8217821782178225        1.4201970343258428E-019  0.24255475715502742     
   7.9207920792079207        1.4201970343258428E-019  0.24255475715502742     
   7.9207920792079207        1.1779256699762199E-022  0.78649215421328278     
   8.0198019801980198        1.1779256699762199E-022  0.78649215421328278     
   8.0198019801980198        3.7497447167799179E-026  0.95684551946732321     
   8.1188118811881189        3.7497447167799179E-026  0.95684551946732321     
   8.1188118811881189        4.5178075705166494E-030  0.43676929089574040     
   8.2178217821782180        4.5178075705166494E-030  0.43676929089574040     
   8.2178217821782180        2.0490222186491007E-034   7.4804064990823149E-002
   8.3168316831683171        2.0490222186491007E-034   7.4804064990823149E-002
   8.3168316831683171        3.4911356482986669E-039   4.8068562778946586E-003
   8.4158415841584162        3.4911356482986669E-039   4.8068562778946586E-003
   8.4158415841584162        2.2328102695143638E-044   1.1589372196575381E-004
   8.5148514851485153        2.2328102695143638E-044   1.1589372196575381E-004
   8.5148514851485153        5.3589000298551835E-050   1.0483867394773116E-006
   8.6138613861386144        5.3589000298551835E-050   1.0483867394773116E-006
   8.6138613861386144        4.8260387882530568E-056   3.5583278749241978E-009
   8.7128712871287135        4.8260387882530568E-056   3.5583278749241978E-009
   8.7128712871287135        1.6307203227899944E-062   4.5314087771496615E-012
   8.8118811881188126        1.6307203227899944E-062   4.5314087771496615E-012
   8.8118811881188126        2.0674499479920724E-069   2.1651268979087474E-015
   8.9108910891089117        2.0674499479920724E-069   2.1651268979087474E-015
   8.9108910891089117        9.8345584235669180E-077   3.8814706304355918E-019
   9.0099009900990108        9.8345584235669180E-077   3.8814706304355918E-019
   9.0099009900990108        1.7552465362164358E-084   2.6107908890922019E-023
   9.1089108910891099        1.7552465362164358E-084   2.6107908890922019E-023
   9.1089108910891099        1.1753966040327691E-092   6.5888664918522529E-028
   9.2079207920792090        1.1753966040327691E-092   6.5888664918522529E-028
   9.2079207920792090        2.9532053949907884E-101   6.2389594359546613E-033
   9.3069306930693081        2.9532053949907884E-101   6.2389594359546613E-033
   9.3069306930693081        2.7839776190899358E-110   2.2165444828882799E-038
   9.4059405940594072        2.7839776190899358E-110   2.2165444828882799E-038
   9.4059405940594072        9.8469259576488427E-120   2.9546332164568054E-044
   9.5049504950495063        9.8469259576488427E-120   2.9546332164568054E-044
   9.5049504950495063        1.3067678597984638E-129   1.4777247102204787E-050
   9.6039603960396036        1.3067678597984638E-129   1.4777247102204787E-050
   9.6039603960396036        6.5066740754959470E-140   2.7729774017093705E-057
   9.7029702970297027        6.5066740754959470E-140   2.7729774017093705E-057
   9.7029702970297027        1.2155770654628206E-150   1.9523692559750599E-064
   9.8019801980198018        1.2155770654628206E-150   1.9523692559750599E-064
   9.8019801980198018        8.5205725236733702E-162   5.1575141143785651E-072
   9.9009900990099009        8.5205725236733702E-162   5.1575141143785651E-072
   9.9009900990099009        2.2408763457693794E-173   5.1118926524863384E-080
   10.000000000000000        2.2408763457693794E-173   5.1118926524863384E-080
